0 0 0 0
600 0 0 0
1200 0.00520333 0 0
1800 0 0.00520733 0.00520767
2400 0 0.00520633 0.0104157
3000 0.0104017 0.00521767 0.0104143
3600 0.018207 0.013447 0.0156207
4200 0.0175497 0.0208287 0.0208293
4800 0.0218713 0.0260327 0.029036
5400 0.0253527 0.0279613 0.0312417
6000 0.0360677 0.0390463 0.0468647
6600 0.0472807 0.0520707 0.0545433
7200 0.057277 0.059373 0.0603803
7800 0.0624857 0.0656923 0.069073
8400 0.0740183 0.0781067 0.0801197
9000 0.0843527 0.0889653 0.0945173
9600 0.102736 0.104666 0.109349
10200 0.1064 0.115741 0.120894
10800 0.126351 0.13018 0.135478
11400 0.133081 0.138644 0.142962
12000 0.15662 0.159074 0.165268
12600 0.167101 0.173645 0.178698
13200 0.183563 0.188623 0.189427
13800 0.214033 0.216586 0.21889
14400 0.222548 0.228556 0.235335
15000 0.244733 0.250909 0.256902
15600 0.261074 0.265772 0.269573
16200 0.282805 0.286439 0.289391
16800 0.303619 0.308604 0.323877
17400 0.31056 0.344962 0.368361
18000 0.34992 0.360997 0.376142
18600 0.351506 0.38904 0.390843
19200 0.398904 0.418661 0.432551
19800 0.445072 0.466286 0.488114
